  3.7956043e+002
  3.7877611e+002
  3.7610524e+002
  3.7039402e+002
  3.6175666e+002
  3.5197723e+002
  3.4354994e+002
  3.3822215e+002
  3.3619987e+002
  3.3638086e+002
  3.3720294e+002
  3.3745498e+002
  3.3664749e+002
  3.3494865e+002
  3.3288548e+002
  3.3099828e+002
  3.2959027e+002
  3.2865774e+002
  3.2798289e+002
  3.2729390e+002
  3.2641129e+002
  3.2532657e+002
  3.2417060e+002
  3.2309439e+002
  3.2216116e+002
  3.2133790e+002
  3.2056778e+002
  3.1981567e+002
  3.1904705e+002
  3.1821434e+002
  3.1729147e+002
  3.1630414e+002
  3.1529770e+002
  3.1428879e+002
  3.1329862e+002
  3.1243802e+002
  3.1195684e+002
  3.1230291e+002
  3.1422735e+002
  3.1879419e+002
  3.2713376e+002
  3.3998378e+002
  3.5726082e+002
  3.7791329e+002
  4.0016052e+002
  4.2202691e+002
  4.4190718e+002
  4.5887782e+002
  4.7265311e+002
  4.8332112e+002
  4.9109053e+002
  4.9616452e+002
  4.9870198e+002
  4.9881858e+002
  4.9663773e+002
  4.9237816e+002
  4.8641812e+002
  4.7929260e+002
  4.7162079e+002
  4.6399217e+002
  4.5686685e+002
  4.5052238e+002
  4.4504009e+002
  4.4034323e+002
  4.3629623e+002
  4.3280289e+002
  4.2982156e+002
  4.2730401e+002
  4.2514679e+002
  4.2320187e+002
  4.2130739e+002
  4.1929847e+002
  4.1700075e+002
  4.1423336e+002
  4.1085089e+002
  4.0680975e+002
  4.0221607e+002
  3.9733971e+002
  3.9258051e+002
  3.8836077e+002
  3.8497331e+002
  3.8249469e+002
  3.8084672e+002
  3.7993451e+002
  3.7971455e+002
  3.8016321e+002
  3.8122391e+002
  3.8277881e+002
  3.8463997e+002
  3.8656515e+002
  3.8831004e+002
  3.8969197e+002
  3.9062042e+002
  3.9107931e+002
  3.9108063e+002
  3.9063244e+002
  3.8975043e+002
  3.8847654e+002
  3.8685874e+002
  3.8492796e+002
  3.8272185e+002
  3.8031522e+002
  3.7780435e+002
  3.7527037e+002
  3.7276767e+002
  3.7034417e+002
  3.6805736e+002
  3.6595129e+002
  3.6402857e+002
  3.6225832e+002
  3.6058598e+002
  3.5893168e+002
  3.5721722e+002
  3.5540955e+002
  3.5353126e+002
  3.5163133e+002
  3.4974719e+002
  3.4789358e+002
  3.4608297e+002
  3.4433722e+002
  3.4267000e+002
  3.4107475e+002
  3.3953896e+002
  3.3806333e+002
  3.3666733e+002
  3.3537232e+002
  3.3417318e+002
  3.3303348e+002
  3.3190590e+002
  3.3075693e+002
  3.2959210e+002
  3.2845213e+002
  3.2736184e+002
  3.2629771e+002
  3.2522815e+002
  3.2416821e+002
  3.2316506e+002
  3.2223626e+002
  3.2134893e+002
  3.2046169e+002
  3.1957384e+002
  3.1872781e+002
  3.1796432e+002
  3.1728572e+002
  3.1666352e+002
  3.1605790e+002
  3.1542181e+002
  3.1470906e+002
  3.1389279e+002
  3.1297086e+002
  3.1195787e+002
  3.1089316e+002
  3.0987154e+002
  3.0907920e+002
  3.0884038e+002
  3.0969598e+002
  3.1248837e+002
  3.1833220e+002
  3.2832381e+002
  3.4302402e+002
  3.6202171e+002
  3.8390641e+002
  4.0667866e+002
  4.2834482e+002
  4.4741811e+002
  4.6315658e+002
  4.7547772e+002
  4.8464243e+002
  4.9093900e+002
  4.9455244e+002
  4.9560172e+002
  4.9420407e+002
  4.9051464e+002
  4.8480131e+002
  4.7754209e+002
  4.6942782e+002
  4.6121006e+002
  4.5348007e+002
  4.4654231e+002
  4.4046444e+002
  4.3521480e+002
  4.3074708e+002
  4.2699721e+002
  4.2385475e+002
  4.2116669e+002
  4.1877876e+002
  4.1658001e+002
  4.1450245e+002
  4.1246402e+002
  4.1030336e+002
  4.0777128e+002
  4.0461169e+002
  4.0069519e+002
  3.9611571e+002
  3.9119564e+002
  3.8640240e+002
  3.8221466e+002
  3.7899441e+002
  3.7690048e+002
  3.7587161e+002
  3.7570942e+002
  3.7621923e+002
  3.7729560e+002
  3.7888654e+002
  3.8090053e+002
  3.8316866e+002
  3.8547470e+002
  3.8759908e+002
  3.8936293e+002
  3.9066342e+002
  3.9146263e+002
  3.9173910e+002
  3.9146710e+002
  3.9063628e+002
  3.8925540e+002
  3.8734102e+002
  3.8494897e+002
  3.8223225e+002
  3.7943475e+002
  3.7677826e+002
  3.7432782e+002
  3.7198745e+002
  3.6964782e+002
  3.6732555e+002
  3.6515431e+002
  3.6325756e+002
  3.6164186e+002
  3.6020376e+002
  3.5880952e+002
  3.5735744e+002
  3.5580278e+002
  3.5416168e+002
  3.5248697e+002
  3.5082906e+002
  3.4921990e+002
  3.4767922e+002
  3.4621684e+002
  3.4482920e+002
  3.4349885e+002
  3.4219851e+002
  3.4089680e+002
  3.3956435e+002
  3.3818704e+002
  3.3678636e+002
  3.3542361e+002
  3.3416686e+002
  3.3304039e+002
  3.3201305e+002
  3.3104397e+002
  3.3012496e+002
  3.2926623e+002
  3.2845224e+002
  3.2762915e+002
  3.2674606e+002
  3.2580168e+002
  3.2483725e+002
  3.2389104e+002
  3.2296976e+002
  3.2204851e+002
  3.2108024e+002
  3.2002127e+002
  3.1888275e+002
  3.1776837e+002
  3.1687831e+002
  3.1653119e+002
  3.1723110e+002
  3.1973498e+002
  3.2503574e+002
  3.3415011e+002
  3.4769840e+002
  3.6547865e+002
  3.8632695e+002
  4.0840480e+002
  4.2977623e+002
  4.4894476e+002
  4.6508938e+002
  4.7798273e+002
  4.8774785e+002
  4.9462177e+002
  4.9881443e+002
  5.0046446e+002
  4.9966335e+002
  4.9654117e+002
  4.9138777e+002
  4.8471571e+002
  4.7717989e+002
  4.6940293e+002
  4.6186018e+002
  4.5488955e+002
  4.4872636e+002
  4.4348147e+002
  4.3912274e+002
  4.3551987e+002
  4.3251377e+002
  4.2996544e+002
  4.2777547e+002
  4.2586263e+002
  4.2410837e+002
  4.2231569e+002
  4.2022946e+002
  4.1761249e+002
  4.1431632e+002
  4.1030014e+002
  4.0562601e+002
  4.0047699e+002
  3.9518371e+002
  3.9019635e+002
  3.8596128e+002
  3.8276437e+002
  3.8067366e+002
  3.7961067e+002
  3.7944099e+002
  3.8001268e+002
  3.8117276e+002
  3.8278376e+002
  3.8470946e+002
  3.8676812e+002
  3.8871948e+002
  3.9032592e+002
  3.9143346e+002
  3.9200183e+002
  3.9207471e+002
  3.9172208e+002
  3.9098427e+002
  3.8984144e+002
  3.8823458e+002
  3.8614018e+002
  3.8364186e+002
  3.8092156e+002
  3.7816997e+002
  3.7550915e+002
  3.7299278e+002
  3.7064125e+002
  3.6844901e+002
  3.6638344e+002
  3.6441275e+002
  3.6253155e+002
  3.6074385e+002
  3.5903310e+002
  3.5736662e+002
  3.5572457e+002
  3.5410553e+002
  3.5249771e+002
  3.5085982e+002
  3.4914167e+002
  3.4732578e+002
  3.4545610e+002
  3.4362337e+002
  3.4190749e+002
  3.4033223e+002
  3.3887286e+002
  3.3749220e+002
  3.3617122e+002
  3.3491637e+002
  3.3373294e+002
  3.3259093e+002
  3.3143594e+002
  3.3024784e+002
  3.2907588e+002
  3.2799379e+002
  3.2703059e+002
  3.2616211e+002
  3.2534774e+002
  3.2455261e+002
  3.2374417e+002
  3.2288267e+002
  3.2192826e+002
  3.2086872e+002
  3.1973220e+002
  3.1856446e+002
  3.1741533e+002
  3.1637654e+002
  3.1564843e+002
  3.1560816e+002
  3.1687196e+002
  3.2031046e+002
  3.2694576e+002
  3.3766672e+002
  3.5280647e+002
  3.7181741e+002
  3.9329135e+002
  4.1533382e+002
  4.3609981e+002
  4.5426307e+002
  4.6922763e+002
  4.8099811e+002
  4.8984415e+002
  4.9602835e+002
  4.9973025e+002
  5.0108919e+002
  5.0025600e+002
  4.9742394e+002
  4.9286399e+002
  4.8696429e+002
  4.8022593e+002
  4.7318545e+002
  4.6630224e+002
  4.5989337e+002
  4.5414736e+002
  4.4915978e+002
  4.4495333e+002
  4.4149655e+002
  4.3870381e+002
  4.3641308e+002
  4.3440566e+002
  4.3249220e+002
  4.3057964e+002
  4.2863811e+002
  4.2660643e+002
  4.2433656e+002
  4.2162157e+002
  4.1827917e+002
  4.1424358e+002
  4.0962512e+002
  4.0469701e+002
  3.9980585e+002
  3.9527501e+002
  3.9136137e+002
  3.8825046e+002
  3.8605032e+002
  3.8477530e+002
  3.8435391e+002
  3.8467535e+002
  3.8561877e+002
  3.8703145e+002
  3.8870743e+002
  3.9042051e+002
  3.9199093e+002
  3.9331160e+002
  3.9430736e+002
  3.9488023e+002
  3.9490900e+002
  3.9432293e+002
  3.9316741e+002
  3.9156710e+002
  3.8963742e+002
  3.8745421e+002
  3.8509481e+002
  3.8267676e+002
  3.8031920e+002
  3.7805278e+002
  3.7579235e+002
  3.7342556e+002
  3.7094098e+002
  3.6846731e+002
  3.6618053e+002
  3.6417468e+002
  3.6241115e+002
  3.6076382e+002
  3.5910822e+002
  3.5739162e+002
  3.5562748e+002
  3.5382840e+002
  3.5197908e+002
  3.5008525e+002
  3.4821040e+002
  3.4643843e+002
  3.4480110e+002
  3.4325903e+002
  3.4176725e+002
  3.4033339e+002
  3.3899080e+002
  3.3773434e+002
  3.3650062e+002
  3.3521636e+002
  3.3386200e+002
  3.3248027e+002
  3.3113734e+002
  3.2988272e+002
  3.2872323e+002
  3.2762995e+002
  3.2658225e+002
  3.2559080e+002
  3.2466337e+002
  3.2377036e+002
  3.2286685e+002
  3.2194442e+002
  3.2104965e+002
  3.2023558e+002
  3.1949089e+002
  3.1874070e+002
  3.1791954e+002
  3.1701895e+002
  3.1606489e+002
  3.1507345e+002
  3.1404740e+002
  3.1302431e+002
  3.1214673e+002
  3.1173638e+002
  3.1235790e+002
  3.1484365e+002
  3.2022911e+002
  3.2951650e+002
  3.4326528e+002
  3.6120272e+002
  3.8212837e+002
  4.0423079e+002
  4.2565245e+002
  4.4497548e+002
  4.6140372e+002
  4.7466408e+002
  4.8480786e+002
  4.9203530e+002
  4.9654891e+002
  4.9846821e+002
  4.9787961e+002
  4.9498897e+002
  4.9022353e+002
  4.8416663e+002
  4.7738665e+002
  4.7032436e+002
  4.6330898e+002
  4.5662233e+002
  4.5049797e+002
  4.4506586e+002
  4.4034459e+002
  4.3628887e+002
  4.3281958e+002
  4.2982903e+002
  4.2719656e+002
  4.2481327e+002
  4.2259054e+002
  4.2044560e+002
  4.1827571e+002
  4.1592867e+002
  4.1319633e+002
  4.0987135e+002
  4.0585349e+002
  4.0123434e+002
  3.9629879e+002
  3.9144754e+002
  3.8708980e+002
  3.8355003e+002
  3.8101936e+002
  3.7954955e+002
  3.7905934e+002
  3.7935932e+002
  3.8021969e+002
  3.8144819e+002
  3.8291021e+002
  3.8448770e+002
  3.8605085e+002
  3.8747922e+002
  3.8868399e+002
  3.8959206e+002
  3.9012149e+002
  3.9019843e+002
  3.8978895e+002
  3.8888966e+002
  3.8752053e+002
  3.8575910e+002
  3.8373670e+002
  3.8156279e+002
  3.7927593e+002
  3.7688833e+002
  3.7444827e+002
  3.7202825e+002
  3.6967905e+002
  3.6742863e+002
  3.6531225e+002
  3.6337576e+002
  3.6163335e+002
  3.6003244e+002
  3.5847801e+002
  3.5687691e+002
  3.5515788e+002
  3.5328866e+002
  3.5129893e+002
  3.4927611e+002
  3.4731674e+002
  3.4547242e+002
  3.4374466e+002
  3.4212334e+002
  3.4061382e+002
  3.3921471e+002
  3.3788155e+002
  3.3654774e+002
  3.3518173e+002
  3.3379675e+002
  3.3241430e+002
  3.3104845e+002
  3.2972844e+002
  3.2850355e+002
  3.2739492e+002
  3.2635237e+002
  3.2528482e+002
  3.2414396e+002
  3.2297214e+002
  3.2186343e+002
  3.2089497e+002
  3.2009026e+002
  3.1940090e+002
  3.1871819e+002
  3.1794638e+002
  3.1707795e+002
  3.1618451e+002
  3.1534062e+002
  3.1457361e+002
  3.1387719e+002
  3.1323593e+002
  3.1261307e+002
  3.1193032e+002
  3.1109902e+002
  3.1010347e+002
  3.0906687e+002
  3.0825043e+002
  3.0803515e+002
  3.0898725e+002
  3.1197905e+002
  3.1814655e+002
  3.2853552e+002
  3.4358407e+002
  3.6276472e+002
  3.8462646e+002
  4.0722316e+002
  4.2868616e+002
  4.4765577e+002
  4.6341440e+002
  4.7577549e+002
  4.8489724e+002
  4.9110504e+002
  4.9472388e+002
  4.9595872e+002
  4.9489754e+002
  4.9165635e+002
  4.8654905e+002
  4.8011188e+002
  4.7295309e+002
  4.6557622e+002
  4.5833031e+002
  4.5146610e+002
  4.4517322e+002
  4.3957427e+002
  4.3472303e+002
  4.3060604e+002
  4.2714465e+002
  4.2421529e+002
  4.2167732e+002
  4.1939146e+002
  4.1723115e+002
  4.1508184e+002
  4.1281870e+002
  4.1028354e+002
  4.0729426e+002
  4.0370018e+002
  3.9947908e+002
  3.9482544e+002
  3.9013344e+002
  3.8584350e+002
  3.8226613e+002
  3.7953863e+002
  3.7770746e+002
  3.7677881e+002
  3.7668498e+002
  3.7726597e+002
  3.7831846e+002
  3.7966665e+002
  3.8119610e+002
  3.8282805e+002
  3.8446551e+002
  3.8597112e+002
  3.8719887e+002
  3.8803722e+002
  3.8842042e+002
  3.8831213e+002
  3.8768743e+002
  3.8654446e+002
  3.8494557e+002
  3.8302174e+002
  3.8090490e+002
  3.7865775e+002
  3.7629010e+002
  3.7384010e+002
  3.7139768e+002
  3.6903995e+002
  3.6678988e+002
  3.6464985e+002
  3.6264275e+002
  3.6080467e+002
  3.5913351e+002
  3.5754494e+002
  3.5590088e+002
  3.5410586e+002
  3.5217346e+002
  3.5018883e+002
  3.4822501e+002
  3.4632308e+002
  3.4453062e+002
  3.4290153e+002
  3.4144324e+002
  3.4009390e+002
  3.3876209e+002
  3.3738444e+002
  3.3595849e+002
  3.3452480e+002
  3.3310981e+002
  3.3169559e+002
  3.3025227e+002
  3.2879358e+002
  3.2739984e+002
  3.2617234e+002
  3.2514400e+002
  3.2424329e+002
  3.2336058e+002
  3.2244352e+002
  3.2151449e+002
  3.2060027e+002
  3.1967923e+002
  3.1872195e+002
  3.1775389e+002
  3.1684177e+002
  3.1602684e+002
  3.1529277e+002
  3.1459822e+002
  3.1392322e+002
  3.1326793e+002
  3.1261368e+002
  3.1190738e+002
  3.1109092e+002
  3.1014207e+002
  3.0909852e+002
  3.0806313e+002
  3.0720002e+002
  3.0675778e+002
  3.0716789e+002
  3.0917858e+002
  3.1385735e+002
  3.2232450e+002
  3.3529996e+002
  3.5271028e+002
  3.7355113e+002
  3.9607933e+002
  4.1829361e+002
  4.3850030e+002
  4.5568625e+002
  4.6954820e+002
  4.8023516e+002
  4.8801614e+002
  4.9308574e+002
  4.9555216e+002
  4.9550961e+002
  4.9311218e+002
  4.8863576e+002
  4.8250819e+002
  4.7526420e+002
  4.6745290e+002
  4.5957751e+002
  4.5206841e+002
  4.4523719e+002
  4.3923048e+002
  4.3405283e+002
  4.2965316e+002
  4.2597650e+002
  4.2293430e+002
  4.2036871e+002
  4.1808369e+002
  4.1591030e+002
  4.1372717e+002
  4.1141938e+002
  4.0884165e+002
  4.0584362e+002
  4.0233100e+002
  3.9830097e+002
  3.9385148e+002
  3.8920164e+002
  3.8469321e+002
  3.8070994e+002
  3.7755196e+002
  3.7536779e+002
  3.7416166e+002
  3.7381833e+002
  3.7414105e+002
  3.7493183e+002
  3.7607527e+002
  3.7755479e+002
  3.7938033e+002
  3.8147752e+002
  3.8363594e+002
  3.8556666e+002
  3.8701006e+002
  3.8781500e+002
  3.8796574e+002
  3.8754577e+002
  3.8664965e+002
  3.8531738e+002
  3.8354518e+002
  3.8134548e+002
  3.7880733e+002
  3.7610437e+002
  3.7342610e+002
  3.7089934e+002
  3.6856507e+002
  3.6639605e+002
  3.6433271e+002
  3.6232355e+002
  3.6034571e+002
  3.5839832e+002
  3.5648599e+002
  3.5460879e+002
  3.5276183e+002
